PARK
[[ 0.99825713  0.01584119  0.05684849]
 [-0.01789742  0.99919707  0.03584537]
 [-0.05623501 -0.03680034  0.99773912]]
[[-11.43846282]
 [-49.9807042 ]
 [ 57.9644482 ]]
ANDREFF
[[ 0.99755946  0.0080696   0.06935419]
 [-0.00883914  0.99990265  0.01079612]
 [-0.06926032 -0.0113828   0.99753368]]
[[-16.82537732]
 [-35.40033355]
 [ 81.80649512]]
DANIILIDIS
[[ 0.98690952  0.02727914  0.15895111]
 [-0.05698147  0.98100361  0.18543202]
 [-0.15087318 -0.1920619   0.9697162 ]]
[[ -77.16408168]
 [-192.31766202]
 [ 110.02926817]]
HORAUD
[[ 0.99830791  0.01543166  0.05606402]
 [-0.01742508  0.99922685  0.0352431 ]
 [-0.05547681 -0.03616038  0.99780497]]
[[-11.20479396]
 [-49.75915225]
 [ 57.95952739]]
TSAI
[[ 0.99831586  0.01534209  0.055947  ]
 [-0.01733197  0.99922797  0.03525726]
 [-0.05536289 -0.03616755  0.99781103]]
[[-11.16415115]
 [-49.7567593 ]
 [ 57.96236038]]

