total error: 0.026241044476180263
PARK
[[ 9.99938903e-01  7.36709181e-03 -8.24112880e-03]
 [-7.36129124e-03  9.99972636e-01  7.33968145e-04]
 [ 8.24631050e-03 -6.73257953e-04  9.99965772e-01]]
[[-58.62257422]
 [-66.39730593]
 [ 79.54587785]]
ANDREFF
[[ 9.99923916e-01  1.22984643e-02 -9.54322283e-04]
 [-1.23004935e-02  9.99922034e-01 -2.15041175e-03]
 [ 9.27801116e-04  2.16198678e-03  9.99997232e-01]]
[[-61.12077826]
 [-66.17837404]
 [ 75.76193971]]
DANIILIDIS
[[ 0.99997136  0.00744998  0.00133442]
 [-0.00744491  0.99996521 -0.0037618 ]
 [-0.0013624   0.00375176  0.99999203]]
[[-62.46551477]
 [-65.36440865]
 [ 79.29482866]]
HORAUD
[[ 9.99937826e-01  7.41113059e-03 -8.33184531e-03]
 [-7.40582965e-03  9.99972354e-01  6.66899284e-04]
 [ 8.33655745e-03 -6.05153593e-04  9.99965067e-01]]
[[-58.60011398]
 [-66.37642638]
 [ 79.54595605]]
TSAI
[[ 9.99937843e-01  7.41108517e-03 -8.32984529e-03]
 [-7.40578928e-03  9.99972355e-01  6.66438272e-04]
 [ 8.33455404e-03 -6.04707769e-04  9.99965084e-01]]
[[-58.60075282]
 [-66.37633353]
 [ 79.54589576]]

